#EMIM
 CW                 -0.44864277   -0.24963683   -0.59859775
 CW                  0.65943748   -0.55588006    0.19035773
 CR                  0.63494288    1.58411087   -0.17663291
 HA                 -1.17478681   -0.94264492   -0.96921078
 HA                  0.94189770   -1.52763956    0.53791997
 HA                  0.91048106    2.61792643   -0.16233447
 NA                  1.30265835    0.58951064    0.43152309
 NA                 -0.43494906    1.06973814   -0.80566318
 C1                 -1.42135819    1.82887808   -1.58771409
 H1                 -2.37266929    1.34243771   -1.53042077
 H1                 -1.50319675    2.81997772   -1.19284216
 H1                 -1.10620650    1.87678970   -2.60912718
 C1                  2.53061377    0.73666058    1.22611255
 H1                  3.11409931   -0.15698926    1.14972838
 H1                  2.27406749    0.90864112    2.25056730
 CE                  3.34649521    1.92948166    0.69402692
 HC                  4.24031329    2.03659064    1.27240154
 HC                  3.60304171    1.75750103   -0.33042734
 HC                  2.76300982    2.82313159    0.77041073
