 CW                  0.56976327    0.04962206   -1.70316793
 CW                  1.63915860   -0.73527939   -1.27374842
 CR                  1.36681736    0.89957536    0.12907879
 HA                 -0.02684247   -0.11363468   -2.57627070
 HA                  2.01597479   -1.61298125   -1.75598158
 HA                  1.50334740    1.54604575    0.97070572
 NA                  0.42872105    1.04320506   -0.82185400
 NA                  2.10566259   -0.18762488   -0.14846510
 C1                 -0.57996936    2.11083041   -0.88201826
 H1                 -1.46133252    1.74205986   -1.36379291
 H1                 -0.82249047    2.42871668    0.11046944
 H1                 -0.19030194    2.93882970   -1.43652421
 C1                  3.23402318   -0.68854099    0.64952327
 H1                  3.93315316   -1.18275111    0.00774936
 H1                  2.87338993   -1.37903994    1.38304532
 C2                  3.92893306    0.49178507    1.35346270
 HC                  3.22980333    0.98599459    1.99523732
 HC                  4.28956577    1.18228463    0.61994087
 CS                  5.11102569   -0.03298437    2.18944960
 HC                  5.81015543   -0.52719346    1.54767467
 HC                  4.75039323   -0.72348442    2.92297122
 CT                  5.80593554    1.14734129    2.89338965
 HC                  6.62725986    0.78272849    3.47423713
 HC                  6.16656784    1.83784173    2.15986820
 HC                  5.10680597    1.64155004    3.53516484
