 CTN                 -3.57610000    1.42600000    0.38500000
 C                 -2.09370000    1.46240000    0.03170000
 O2                 -1.38480000    0.49210000    0.45400000
 O2                 -1.66700000    2.45340000   -0.60700000
 N3                 -4.34700000    2.45970000   -0.27540000
 H                 -3.65410000    3.19110000   -0.51950000
 H                 -4.64830000    2.08510000   -1.18870000
 H1                 -3.60130000    1.61500000    1.48000000
 CTC                 -4.16910000    0.06300000    0.14840000
 HC                 -3.58650000   -0.70490000    0.68030000
 HC                 -5.21880000    0.03550000    0.48540000
 HC                 -4.14670000   -0.17960000   -0.93140000
