#HMIN
 C1                 -1.69372825    1.61438110   -0.23396541
 H1                 -1.80141903    2.60910826    0.14527141
 H1                 -1.97866244    1.59299694   -1.26510809
 H1                 -2.32102686    0.95037472    0.32325266
 NA                 -0.29252424    1.18940440   -0.10388025
 CW                  0.14209258   -0.11648485    0.10315283
 HA                 -0.56154390   -0.94385768    0.18593488
 CR                  0.81748104    2.02660457   -0.16793126
 HA                  0.71245609    3.09922816   -0.32564672
 CW                  1.54215236   -0.11164965    0.17179895
 HA                  2.18272062   -0.97347137    0.32596757
 NA                  1.97039302    1.24700929    0.00000900
 C1                  3.35845853    1.73092473    0.00010087
 H1                  3.34549537    2.83945962   -0.13594012
 H1                  3.88975021    1.27815682   -0.87184873
 C2                  4.04260347    1.36107431    1.29058741
 HC                  3.48115112    1.80370378    2.15549102
 HC                  4.04260169    0.24497061    1.40690718
 CS                  5.47656018    1.84668826    1.32057818
 HC                  6.03800401    1.40406347    0.45570260
 HC                  5.49535315    2.96097142    1.18951767
 CS                  6.16066936    1.47687761    2.61111375
 HC                  5.62922088    1.92960253    3.48298939
 HC                  6.17331217    0.36832384    2.74717672
 CS                  7.61493426    1.98354665    2.61139456
 HC                  7.60171035    3.09350982    2.48757334
 HC                  8.14290076    1.54027918    1.73257088
 CS                  8.30376341    1.59943692    3.89520656
 HC                  7.74560819    2.03264923    4.76698502
 HC                  8.30394794    0.48212408    3.99927277
 CS                  9.73792713    2.08443773    3.92522042
 HC                 10.29607393    1.65122978    3.05347008
 HC                  9.75647878    3.20008853    3.80632499
 CS                 10.42672071    1.70036723    5.20908202
 HC                  9.89859713    2.14359256    6.08783184
 HC                 10.43962436    0.59038499    5.33292619
 CT                 11.88108727    2.20674425    5.20954382
 HC                 12.35602875    1.92652560    6.12649971
 HC                 12.41005482    1.77294378    4.38679812
 HC                 11.88767924    3.27259665    5.11565449

