$coord
-12.2476588367 -7.7373815912 -22.0312704229 C
-10.6778258846 -6.7154772264 -21.0901031210 H
-12.8972971330 -6.4952408883 -23.5877923351 H
-14.2691115285 -8.4437799714 -17.7030386077 N
-12.6245334305 -8.5075589709 -16.6237217945 H
-14.4452503755 -8.1616726904 -20.2998888533 C
-16.6326049003 -8.6532429323 -16.7477341592 C
-17.0843762741 -8.8862953842 -14.7434180135 H
-18.3499617908 -8.5171677502 -18.5892477782 N
-17.0220064209 -8.2088505542 -20.8094440163 C
-18.0069131006 -7.9990790612 -22.6219832109 H
-22.3646576763 -11.9048694111 -10.5844097113 C
-23.9040746734 -13.2953762965 -10.3048713619 H
-22.2802043417 -10.8089866330 -8.7959854108 H
-23.2526503767 -10.0872403153 -12.7040794871 C
-21.6443636926 -9.4025513459 -14.4089306901 O
-25.5089689344 -9.3806319060 -12.6270915275 O
-27.1639333548 -17.5435025835 -19.8278713781 C
-28.7977986721 -17.2480021758 -18.5531293117 H
-26.2635783477 -19.3464448710 -19.2562310543 H
-22.7522385852 -15.6785136209 -20.1954238075 N
-21.8154111869 -17.3398698065 -20.6508053427 H
-25.3015629184 -15.4143498099 -19.6153971437 C
-21.5936038283 -13.4189934453 -19.8795299868 C
-19.5577103293 -13.1197841844 -20.1258918645 H
-23.2604759505 -11.6867311463 -19.1367255709 N
-25.5670812610 -12.8839545205 -18.9522734832 C
-27.2490452104 -11.8294754434 -18.3594031778 H
-25.9170443372 -4.9283494085 -17.3204327517 C
-20.8216996642 -0.0010609238 -22.3697822610 H
-27.1168205509 -4.2119029067 -15.7100450109 H
-26.2152711575 -7.4882380843 -17.6385328669 O
-26.7865809685 -3.5770884326 -19.7879155574 C
-26.7660122315 -1.5049234649 -19.5057840489 H
-28.7169152405 -4.1928599835 -20.3073995850 H
-24.5954131492 -4.2983416768 -22.3948650890 P
-22.7476213323 -6.4765573434 -21.5943284093 O
-23.4261045657 -1.9072155605 -23.5302046973 O
-26.5623408012 -5.5182742386 -24.5655667425 O
-26.0550080404 -4.8655032103 -26.2417995785 H
-22.3312462492 -7.8352663549 -17.8850412854 Fe
-18.5443790756 -2.6754465980 -18.5713187903 O
-18.6943256056 -1.0486051451 -19.7354822148 H
-20.2830427441 -2.9314490971 -17.9463981160 H
-20.4748257859 -5.5706387085 -27.1143274442 O
-19.2095155053 -6.6261988623 -28.0063088965 H
-19.6050663058 -4.8406004079 -25.6316002701 H
-23.3699822018 -4.4075306614 -16.8467482565 O
-19.1252033006 0.5603094042 -21.8144288087 O
-11.5843705210 -9.4231993371 -23.0114397701 h
-20.5837475650 -12.9055539524 -10.8483309801 h
-27.8052587820 -17.9167440522 -21.7493440722 h
$end
