#HMIM
 CW                  2.31730000    2.13660000   -2.30900000
 CW                  2.28730000    0.84900000   -1.87670000
 CR                  0.27210000    1.70920000   -1.55870000
 HA                  3.12090000    2.73140000   -2.73720000
 HA                  3.06420000    0.08870000   -1.84350000
 HA                 -0.86680000    1.88640000   -1.27590000
 NA                  1.05990000    2.64330000   -2.09960000
 NA                  1.01570000    0.61170000   -1.42210000
 C1                  0.60300000    3.97610000   -2.39310000
 H1                 -0.44040000    4.05550000   -2.04920000
 H1                  0.64780000    4.17000000   -3.47700000
 H1                  1.22140000    4.71780000   -1.86230000
 C1                  0.51280000   -0.62550000   -0.85210000
 H1                  0.30110000   -1.33340000   -1.67560000
 H1                 -0.46090000   -0.35130000   -0.37240000
 C2                 1.47970000   -1.23060000    0.12890000
 HC                  1.79190000   -0.45610000    0.85540000
 HC                  2.40370000   -1.58080000   -0.38090000
 CS                  0.84490000   -2.39550000    0.85470000
 HC                  0.33370000   -3.04910000    0.12150000
 HC                  0.04820000   -2.00360000    1.51740000
 CS                  1.84030000   -3.21250000    1.64710000
 HC                  2.55600000   -3.69310000    0.94640000
 HC                  1.31330000   -4.04220000    2.15800000
 CS                  2.62050000   -2.41960000    2.66910000
 HC                  1.91130000   -1.91230000    3.35350000
 HC                  3.18350000   -1.61170000    2.16130000
 CT                  3.57400000   -3.28590000    3.45530000
 HC                  3.02730000   -4.07520000    4.00240000
 HC                  4.15420000   -2.70520000    4.19190000
 HC                  4.29090000   -3.79130000    2.78240000
